[[3, 1], [3, 2], [3, 3], [3, 4], [3, 5], [3, 6], [3, 7], [3, 8]]
[[0, 16], [1, 16], [2, 16], [3, 16], [4, 16], [5, 16], [6, 16], [7, 16]]
[[12, 7], [12, 8], [12, 9], [12, 10], [12, 11], [12, 12], [12, 13]]
[[3, 14], [4, 14], [5, 14], [6, 14], [7, 14], [8, 14], [9, 14]]
[[0, 4], [0, 5], [0, 6], [0, 7], [0, 8], [0, 9]]
[[19, 8], [19, 9], [19, 10], [19, 11], [19, 12], [19, 13], [19, 14], [19, 15], [19, 16]]
[[15, 11], [15, 12], [15, 13], [15, 14], [15, 15], [15, 16], [15, 17], [15, 18]]
[[10, 1], [10, 2], [10, 3], [10, 4], [10, 5], [10, 6], [10, 7], [10, 8], [10, 9]]
[[6, 8], [6, 9], [6, 10], [6, 11], [6, 12], [6, 13]]
[[14, 5], [14, 6], [14, 7], [14, 8], [14, 9], [14, 10], [14, 11], [14, 12], [14, 13]]
[[2, 19], [3, 19], [4, 19], [5, 19], [6, 19], [7, 19], [8, 19]]
[[9, 3], [10, 3], [11, 3], [12, 3], [13, 3], [14, 3], [15, 3], [16, 3], [17, 3], [18, 3]]
[[2, 1], [2, 2], [2, 3], [2, 4], [2, 5], [2, 6], [2, 7], [2, 8]]
[[13, 10], [13, 11], [13, 12], [13, 13], [13, 14], [13, 15], [13, 16]]
[[6, 1], [7, 1], [8, 1], [9, 1], [10, 1], [11, 1], [12, 1], [13, 1]]
[[10, 0], [10, 1], [10, 2], [10, 3], [10, 4], [10, 5]]
[[14, 1], [15, 1], [16, 1], [17, 1]]
